Jugadores: 
e#1
a#1
0 0 0 0 1 3 * 2 0 0 0 0 0 1 * 1 
0 0 0 0 1 * * 2 1 1 2 1 1 1 1 1 
0 0 0 0 1 3 3 2 2 * 5 * 2 1 1 1 
0 1 1 1 0 2 * 2 2 * * * 3 2 * 2 
0 1 * 1 0 2 * 2 1 4 * * 3 3 * 2 
0 2 2 3 1 2 1 1 0 2 * 5 * 4 2 1 
1 2 * 2 * 1 0 0 0 1 1 4 * * 1 0 
1 * 2 2 1 2 2 2 1 0 1 4 * 4 2 1 
1 1 1 0 1 2 * * 1 0 1 * * 3 2 * 
0 0 0 1 3 * 4 2 1 0 1 2 3 * 2 1 
0 0 0 1 * * 3 1 0 0 1 1 3 2 3 1 
1 2 1 3 3 5 * 3 1 1 2 * 3 * 3 * 
* 3 * 2 * 4 * 4 * 2 2 * 5 3 4 * 
2 * 2 2 2 * 2 3 * 2 1 2 * * 2 1 
1 1 1 1 2 2 1 2 2 2 0 1 2 2 1 0 
0 0 0 1 * 1 0 1 * 1 0 0 0 0 0 0 

e 0 0
a 0 5
e 0 6
e 0 7
a 0 10
e 0 14
e 0 15
a 1 15
e 1 14
a 2 14
e 2 15
a 3 15
e 3 14
e 2 13
a 3 13
e 3 11
e 2 11
e 3 12
a 2 12
e 3 10
e 2 10
a 2 9
a 3 9
a 3 8
e 2 8
a 2 7
e 3 7
a 3 6
a 2 6
e 1 6
e 1 5
e 4 6
e 4 2
e 6 2
e 5 2
a 6 3
e 6 4
e 6 6
a 5 10
a 4 10
a 4 12
e 4 11
e 5 11
a 5 12
a 4 13
e 4 14
e 5 14
a 5 13
e 5 15
a 4 15
e 6 15
a 6 12
a 6 13
a 6 11
e 7 11
a 7 13
e 7 12
e 8 11
e 8 13
a 8 12
a 8 14
e 8 15
e 9 15
a 9 14
e 9 13
e 9 12
a 9 11
e 10 11
a 10 12
e 10 13
a 10 14
e 10 15
a 11 15
a 11 14
e 11 12
a 11 13
a 11 11
a 12 11
a 12 13
e 12 12
a 12 14
e 12 15
e 13 15
a 13 14
e 13 13
e 13 12
e 13 11
a 14 11
e 14 12
a 14 14
e 14 13
a 14 15
e 12 10
a 12 9
e 12 8
e 13 8
e 14 8
a 15 8
a 15 7
e 14 7
a 13 7
e 12 7
a 12 6
a 13 6
e 14 6
a 15 6
e 13 5
e 12 5
a 11 5
e 11 6
e 10 5
